0.6,0.75,0.9
0.3384,0.3346,0.327
0.3461,0.3764,0.2775
0.4141,0.3136,0.2723
0.3383,0.373,0.2887
0.3121,0.3471,0.3408
0.2843,0.377,0.3387
0.274,0.3552,0.3708
0.247,0.3711,0.3819
0.2432,0.3583,0.3985
0.2285,0.3647,0.4068
0.2156,0.3633,0.4211
0.2108,0.3612,0.428
0.2045,0.3593,0.4362
0.1935,0.3609,0.4456
0.1915,0.3552,0.4533
0.1855,0.3543,0.4602
0.1781,0.3598,0.4621
0.1745,0.3581,0.4674
0.1717,0.3569,0.4714
0.1638,0.3553,0.4809
0.1623,0.3577,0.48
0.1574,0.357,0.4856
0.1553,0.3553,0.4894
0.1521,0.3565,0.4914
0.1529,0.3535,0.4936
0.149,0.3555,0.4955
0.1486,0.3515,0.4999
0.1425,0.3543,0.5032
0.1415,0.3539,0.5046
0.1412,0.3525,0.5063
0.1383,0.3532,0.5085
0.1372,0.3515,0.5113
0.1377,0.3502,0.5121
0.1373,0.3495,0.5132
0.1335,0.3507,0.5158
0.1318,0.3511,0.5171
0.1304,0.3493,0.5203
0.1291,0.3504,0.5205
0.1284,0.3502,0.5214
0.1266,0.3502,0.5232
0.124,0.3493,0.5267
0.1241,0.3504,0.5255
0.1224,0.3506,0.527
0.1204,0.3516,0.528
0.1204,0.3503,0.5293
0.1187,0.3498,0.5315
0.1188,0.3488,0.5324
0.1179,0.349,0.5331
0.1157,0.3496,0.5347
0.1144,0.3496,0.536
0.1125,0.3485,0.539
0.1128,0.3488,0.5384
0.1131,0.3469,0.54
0.1119,0.349,0.5391
0.1122,0.3486,0.5392
0.111,0.348,0.541
0.1096,0.3487,0.5417
0.11,0.3471,0.5429
0.1086,0.3482,0.5432
0.1084,0.3484,0.5432
0.1082,0.3491,0.5427
0.1073,0.348,0.5447
0.1075,0.3484,0.5441
0.1066,0.3466,0.5468
0.1064,0.3472,0.5464
0.1047,0.3479,0.5474
0.1043,0.3485,0.5472
0.1033,0.3492,0.5475
0.104,0.3473,0.5487
0.1029,0.3484,0.5487
0.1036,0.3465,0.5499
0.1025,0.3475,0.55
0.1023,0.3464,0.5513
0.1014,0.3459,0.5527
0.1013,0.3459,0.5528
0.1011,0.3465,0.5524
0.0998,0.3453,0.5549
0.0999,0.3471,0.553
0.0992,0.3464,0.5544
0.0989,0.347,0.5541
0.1002,0.3455,0.5543
0.0981,0.3463,0.5556
0.098,0.3454,0.5566
0.0972,0.3464,0.5564
0.0973,0.3442,0.5585
0.0967,0.3454,0.5579
0.0977,0.3432,0.5591
0.0965,0.3442,0.5593
0.0952,0.3462,0.5586
0.0948,0.3449,0.5603
0.0953,0.3446,0.5601
0.0944,0.3453,0.5603
0.0932,0.3459,0.5609
0.0934,0.3447,0.5619
0.0946,0.3443,0.5611
0.093,0.3447,0.5623
0.0932,0.3438,0.563
0.093,0.3449,0.5621
0.0923,0.3445,0.5632
0.0926,0.3447,0.5627
0.0925,0.3445,0.563
0.091,0.3458,0.5632
0.09,0.3449,0.5651
0.0908,0.344,0.5652
0.0907,0.3437,0.5656
0.0889,0.3453,0.5658
0.0891,0.3438,0.5671
0.0894,0.3442,0.5664
0.0896,0.3435,0.5669
0.0892,0.344,0.5668
0.0885,0.3452,0.5663
0.0887,0.3451,0.5662
0.0884,0.3442,0.5674
0.0883,0.3437,0.568
0.0879,0.3432,0.5689
0.0872,0.3448,0.568
0.0871,0.3442,0.5687
0.0876,0.3432,0.5692
0.0877,0.3431,0.5692
0.086,0.3426,0.5714
0.0861,0.3437,0.5702
0.086,0.3436,0.5704
0.0866,0.343,0.5704
0.0868,0.3421,0.5711
0.0856,0.3417,0.5727
0.0863,0.3413,0.5724
0.086,0.3418,0.5722
0.0848,0.3427,0.5725
0.086,0.3416,0.5724
0.0849,0.3414,0.5737
0.0858,0.342,0.5722
0.0854,0.3414,0.5732
0.0851,0.3411,0.5738
0.0853,0.3401,0.5746
0.085,0.341,0.574
0.085,0.3401,0.5749
0.0845,0.3399,0.5756
0.0845,0.3402,0.5753
0.084,0.3409,0.5751
0.0846,0.3406,0.5748
0.0847,0.3395,0.5758
0.0843,0.3394,0.5763
0.0847,0.3399,0.5754
0.0828,0.34,0.5772
0.0833,0.3409,0.5758
0.083,0.3404,0.5766
0.0835,0.3401,0.5764
0.0835,0.3401,0.5764
0.0836,0.3395,0.5769
0.0836,0.34,0.5764
0.083,0.3398,0.5772
0.0829,0.3411,0.576
0.0828,0.34,0.5772
0.0824,0.3403,0.5773
0.0822,0.3396,0.5782
0.0814,0.3397,0.5789
0.0818,0.3401,0.5781
0.0819,0.3401,0.578
0.081,0.3408,0.5782
0.0814,0.3399,0.5787
0.0815,0.3394,0.5791
0.0801,0.3414,0.5785
0.0807,0.3404,0.5789
0.081,0.3402,0.5788
0.081,0.3395,0.5795
0.0815,0.3389,0.5796
0.0807,0.3399,0.5794
0.0807,0.3384,0.5809
0.0804,0.3392,0.5804
0.0805,0.3394,0.5801
0.0799,0.3393,0.5808
0.0793,0.3393,0.5814
0.0793,0.3392,0.5815
0.0794,0.3387,0.5819
0.0795,0.3396,0.5809
0.0797,0.3386,0.5817
0.0793,0.3394,0.5813
0.0796,0.3387,0.5817
0.0792,0.3394,0.5814
0.0788,0.3386,0.5826
0.0786,0.3388,0.5826
0.0781,0.3394,0.5825
0.0788,0.3398,0.5814
0.0787,0.3382,0.5831
0.0782,0.3391,0.5827
0.0777,0.3395,0.5828
0.0781,0.339,0.5829
0.0775,0.3392,0.5833
0.0768,0.3394,0.5838
0.0768,0.3392,0.584
0.0769,0.3394,0.5837
0.0773,0.3395,0.5832
0.0765,0.3398,0.5837
0.0763,0.3405,0.5832
0.0769,0.339,0.5841
0.0759,0.3386,0.5855
0.0758,0.339,0.5852
0.0763,0.3391,0.5846
0.0764,0.3383,0.5853
0.0767,0.3383,0.585
0.0765,0.3391,0.5844
0.0763,0.3378,0.5859
0.0757,0.3376,0.5867
0.076,0.3385,0.5855
0.0764,0.3382,0.5854
0.0756,0.3393,0.5851
0.0762,0.338,0.5858
0.0758,0.3383,0.5859
0.0755,0.3376,0.5869
0.0754,0.3377,0.5869
0.0757,0.3376,0.5867
0.0757,0.3384,0.5859
0.0755,0.3376,0.5869
0.0752,0.338,0.5868
0.0751,0.3384,0.5865
0.0751,0.3382,0.5867
0.0754,0.3379,0.5867
0.0752,0.3384,0.5864
0.0751,0.3379,0.587
0.0748,0.3374,0.5878
0.0752,0.3372,0.5876
0.0738,0.3385,0.5877
0.0748,0.3375,0.5877
0.0745,0.3371,0.5884
0.0744,0.3376,0.588
0.0747,0.3372,0.5881
0.0747,0.3378,0.5875
0.074,0.3375,0.5885
0.074,0.3379,0.5881
0.0747,0.3372,0.5881
0.0741,0.3372,0.5887
0.074,0.3372,0.5888
0.0735,0.3375,0.589
0.073,0.3378,0.5892
0.0739,0.3378,0.5883
0.0738,0.3363,0.5899
0.074,0.3363,0.5897
0.0742,0.3368,0.589
0.0738,0.3367,0.5895
0.0736,0.3369,0.5895
0.0734,0.3361,0.5905
0.0731,0.3372,0.5897
0.0733,0.3357,0.591
0.0731,0.3369,0.59
0.0733,0.337,0.5897
0.073,0.3367,0.5903
0.0731,0.337,0.5899
0.0729,0.3368,0.5903
0.0732,0.3363,0.5905
0.0732,0.337,0.5898
0.0728,0.3359,0.5913
0.0734,0.3363,0.5903
0.073,0.3363,0.5907
0.0733,0.3357,0.591
0.0735,0.3364,0.5901
0.0726,0.3357,0.5917
0.0727,0.336,0.5913
0.0728,0.3359,0.5913
0.0726,0.3359,0.5915
0.073,0.3361,0.5909
0.0725,0.3362,0.5913
0.0726,0.336,0.5914
0.072,0.3365,0.5915
0.0722,0.3357,0.5921
0.0719,0.3357,0.5924
0.0719,0.3353,0.5928
0.0716,0.3362,0.5922
0.0716,0.3358,0.5926
0.0718,0.3348,0.5934
0.0719,0.335,0.5931
0.0718,0.3349,0.5933
0.0717,0.3349,0.5934
0.0709,0.3356,0.5935
0.0707,0.3351,0.5942
0.0704,0.3358,0.5938
0.071,0.336,0.593
0.0713,0.3358,0.5929
0.0708,0.335,0.5942
0.0716,0.3354,0.593
0.0713,0.3346,0.5941
0.0709,0.3353,0.5938
0.0707,0.3354,0.5939
0.071,0.3353,0.5937
0.0707,0.3352,0.5941
0.0702,0.3351,0.5947
0.0701,0.3357,0.5942
0.0703,0.335,0.5947
0.0704,0.3348,0.5948
0.0702,0.3343,0.5955
0.0703,0.3345,0.5952
0.0705,0.3345,0.595
0.0703,0.3343,0.5954
0.0696,0.3347,0.5957
0.0698,0.3346,0.5956
0.0699,0.3339,0.5962
0.0697,0.3346,0.5957
0.0697,0.3335,0.5968
0.0693,0.3344,0.5963
0.0692,0.3343,0.5965
0.0696,0.3345,0.5959
0.0692,0.3345,0.5963
0.0693,0.3347,0.596
0.0693,0.334,0.5967
0.0689,0.3344,0.5967
0.0692,0.3341,0.5967
0.069,0.3344,0.5966
0.0691,0.3335,0.5974
0.0685,0.3339,0.5976
0.0681,0.3342,0.5977
0.0689,0.3334,0.5977
0.0683,0.3338,0.5979
0.0687,0.3336,0.5977
0.0689,0.3342,0.5969
0.0684,0.3336,0.598
0.0682,0.3339,0.5979
0.0682,0.3338,0.598
0.0681,0.3343,0.5976
0.0682,0.3335,0.5983
0.068,0.3338,0.5982
0.0683,0.3338,0.5979
0.0682,0.3338,0.598
0.0681,0.3336,0.5983
0.0685,0.3333,0.5982
0.0676,0.3335,0.5989
0.0677,0.3339,0.5984
0.0679,0.3335,0.5986
0.068,0.3338,0.5982
0.0678,0.3335,0.5987
0.0682,0.3332,0.5986
0.0683,0.333,0.5987
0.0677,0.3332,0.5991
0.0674,0.333,0.5996
0.0676,0.3331,0.5993
0.0678,0.3322,0.6
0.0682,0.3325,0.5993
0.0678,0.3331,0.5991
0.068,0.333,0.599
0.0682,0.3331,0.5987
0.0688,0.3327,0.5985
0.068,0.3322,0.5998
0.0678,0.3331,0.5991
0.0677,0.3327,0.5996
0.067,0.3329,0.6001
0.0677,0.3327,0.5996
0.0679,0.3331,0.599
0.0676,0.3324,0.6
0.0676,0.3326,0.5998
0.0674,0.3331,0.5995
0.0675,0.3326,0.5999
0.0675,0.3323,0.6002
0.0679,0.3325,0.5996
0.0675,0.3321,0.6004
0.0677,0.3323,0.6
0.0676,0.3324,0.6
0.0672,0.3328,0.6
0.0669,0.3326,0.6005
0.0669,0.3329,0.6002
0.0674,0.333,0.5996
0.0674,0.3327,0.5999
0.0673,0.3324,0.6003
0.067,0.3319,0.6011
0.0667,0.332,0.6013
0.0671,0.332,0.6009
0.0671,0.3321,0.6008
0.0669,0.3322,0.6009
0.067,0.3326,0.6004
0.0668,0.3321,0.6011
0.0664,0.3323,0.6013
0.0664,0.3325,0.6011
0.0666,0.3319,0.6015
0.0664,0.3324,0.6012
0.0661,0.3321,0.6018
0.0659,0.3324,0.6017
0.066,0.3325,0.6015
0.0662,0.3322,0.6016
0.0666,0.3316,0.6018
0.0662,0.3316,0.6022
0.0662,0.3321,0.6017
0.0664,0.3314,0.6022
0.0663,0.3318,0.6019
0.0659,0.332,0.6021
0.0657,0.332,0.6023
0.0657,0.3321,0.6022
0.0662,0.3314,0.6024
0.0657,0.3322,0.6021
0.0657,0.3316,0.6027
0.0661,0.3312,0.6027
0.0657,0.3315,0.6028
0.0657,0.3319,0.6024
0.0654,0.331,0.6036
0.0656,0.3315,0.6029
0.0655,0.3312,0.6033
0.0652,0.3314,0.6034
0.066,0.3315,0.6025
0.0653,0.3317,0.603
0.0659,0.3311,0.603
0.0656,0.331,0.6034
0.0659,0.3312,0.6029
0.0652,0.3308,0.604
0.0657,0.3305,0.6038
0.0653,0.3309,0.6038
0.0651,0.3313,0.6036
0.0653,0.331,0.6037
0.0652,0.3315,0.6033
0.0653,0.3309,0.6038
0.0654,0.3306,0.604
0.0653,0.3304,0.6043
0.0653,0.3308,0.6039
0.0653,0.3302,0.6045
0.0648,0.331,0.6042
0.0642,0.3307,0.6051
0.0639,0.3309,0.6052
0.0649,0.3313,0.6038
0.0645,0.331,0.6045
0.0642,0.3313,0.6045
0.0642,0.3309,0.6049
0.0636,0.331,0.6054
0.0637,0.3313,0.605
0.0636,0.3308,0.6056
0.0637,0.3315,0.6048
0.0636,0.3306,0.6058
0.0638,0.3307,0.6055
0.0643,0.3307,0.605
0.0637,0.3305,0.6058
0.0638,0.3303,0.6059
0.0638,0.3309,0.6053
0.0639,0.331,0.6051
0.0637,0.3313,0.605
0.0633,0.3309,0.6058
0.063,0.3309,0.6061
0.0631,0.3306,0.6063
0.0633,0.3303,0.6064
0.0632,0.3305,0.6063
0.0633,0.3299,0.6068
0.0631,0.3301,0.6068
0.063,0.3306,0.6064
0.0635,0.3302,0.6063
0.0633,0.3301,0.6066
0.063,0.3307,0.6063
0.063,0.3304,0.6066
0.0631,0.3306,0.6063
0.0635,0.3301,0.6064
0.063,0.3302,0.6068
0.0627,0.3306,0.6067
0.0629,0.3299,0.6072
0.0631,0.3299,0.607
0.0628,0.3301,0.6071
0.0633,0.3301,0.6066
0.0625,0.33,0.6075
0.0628,0.3301,0.6071
0.0629,0.3297,0.6074
0.0628,0.33,0.6072
0.0635,0.3296,0.6069
0.0626,0.3299,0.6075
0.0631,0.3298,0.6071
0.0631,0.3297,0.6072
0.0628,0.3299,0.6073
0.0632,0.3293,0.6075
0.0631,0.329,0.6079
0.0631,0.329,0.6079
0.0628,0.329,0.6082
0.0625,0.3297,0.6078
0.0625,0.3294,0.6081
0.0629,0.3291,0.608
0.0624,0.3293,0.6083
0.0625,0.3293,0.6082
0.0622,0.3297,0.6081
0.0624,0.3293,0.6083
0.0624,0.3299,0.6077
0.0626,0.3289,0.6085
0.0626,0.3292,0.6082
0.0624,0.3285,0.6091
0.0621,0.3291,0.6088
0.0622,0.3291,0.6087
0.0624,0.329,0.6086
0.062,0.3291,0.6089
0.0626,0.3289,0.6085
0.0624,0.329,0.6086
0.0625,0.3284,0.6091
0.062,0.3287,0.6093
0.0621,0.3288,0.6091
0.0624,0.3283,0.6093
0.0625,0.3285,0.609
0.0622,0.3284,0.6094
0.0619,0.3288,0.6093
0.0621,0.3285,0.6094
0.0623,0.3288,0.6089
0.0626,0.3289,0.6085
0.062,0.3286,0.6094
0.062,0.3285,0.6095
0.0621,0.3282,0.6097
0.0617,0.3283,0.61
0.0622,0.3282,0.6096
0.0619,0.3286,0.6095
0.0619,0.3285,0.6096
0.062,0.3285,0.6095
0.0617,0.3285,0.6098
0.062,0.3286,0.6094
0.0616,0.3286,0.6098
0.0614,0.3289,0.6097
0.062,0.3281,0.6099
0.0621,0.3285,0.6094
0.0622,0.3281,0.6097
0.0617,0.328,0.6103
0.0617,0.3284,0.6099
0.0617,0.3281,0.6102
0.0617,0.3284,0.6099
0.0614,0.3285,0.6101
0.0618,0.3283,0.6099
0.0617,0.328,0.6103
0.0614,0.3285,0.6101
0.0611,0.3285,0.6104
0.0614,0.3284,0.6102
0.0616,0.3286,0.6098
0.0619,0.328,0.6101
0.0614,0.3284,0.6102
0.0613,0.3288,0.6099
0.0614,0.3281,0.6105
0.0617,0.3281,0.6102
0.0612,0.3285,0.6103
0.0613,0.3279,0.6108
0.061,0.3285,0.6105
0.0613,0.3287,0.61
0.0612,0.3286,0.6102
0.0616,0.328,0.6104
0.0615,0.3283,0.6102
0.0611,0.3275,0.6114
0.0612,0.3281,0.6107
0.0612,0.3275,0.6113
0.0613,0.3282,0.6105
0.0609,0.3281,0.611
0.0609,0.3278,0.6113
0.0612,0.3281,0.6107
0.0612,0.3276,0.6112
0.0611,0.3279,0.611
0.0612,0.3279,0.6109
0.0612,0.3278,0.611
0.061,0.3277,0.6113
0.0615,0.3276,0.6109
0.061,0.3282,0.6108
0.061,0.3273,0.6117
0.0608,0.3277,0.6115
0.0612,0.3274,0.6114
0.0604,0.3279,0.6117
0.0603,0.3277,0.612
0.0604,0.3275,0.6121
0.0606,0.3276,0.6118
0.0607,0.3279,0.6114
0.0607,0.3273,0.612
0.0604,0.3277,0.6119
0.0605,0.3282,0.6113
0.0605,0.3278,0.6117
0.0609,0.3278,0.6113
0.0603,0.3278,0.6119
0.0605,0.3279,0.6116
0.0605,0.328,0.6115
0.0602,0.3277,0.6121
0.0604,0.3275,0.6121
0.0603,0.3276,0.6121
0.0607,0.3274,0.6119
0.0607,0.3268,0.6125
0.06,0.3274,0.6126
0.0607,0.3272,0.6121
0.0602,0.3274,0.6124
0.0603,0.3273,0.6124
0.0606,0.3271,0.6123
0.0604,0.3275,0.6121
0.06,0.3274,0.6126
0.0604,0.3273,0.6123
0.0602,0.3274,0.6124
0.0601,0.3271,0.6128
0.0602,0.3273,0.6125
0.0606,0.3266,0.6128
0.0608,0.3262,0.613
0.0603,0.3271,0.6126
0.0598,0.3273,0.6129
0.0605,0.327,0.6125
0.0601,0.3273,0.6126
0.0597,0.3273,0.613
0.0602,0.3271,0.6127
0.06,0.3273,0.6127
0.0599,0.3271,0.613
0.0599,0.3275,0.6126
0.0596,0.327,0.6134
0.0598,0.3272,0.613
0.0597,0.3271,0.6132
0.0595,0.3274,0.6131
0.0595,0.3272,0.6133
0.0598,0.3269,0.6133
0.0597,0.3271,0.6132
0.0597,0.3271,0.6132
0.0595,0.3268,0.6137
0.0594,0.3275,0.6131
0.0594,0.3271,0.6135
0.0597,0.3269,0.6134
0.0596,0.3269,0.6135
0.0594,0.3272,0.6134
0.06,0.3274,0.6126
0.0596,0.3267,0.6137
0.0593,0.3265,0.6142
0.0592,0.3273,0.6135
0.0592,0.3273,0.6135
0.0597,0.3271,0.6132
0.0594,0.3267,0.6139
0.0591,0.3274,0.6135
0.0587,0.327,0.6143
0.0591,0.3269,0.614
0.0593,0.3265,0.6142
0.0593,0.327,0.6137
0.0594,0.3266,0.614
0.0592,0.3265,0.6143
0.0593,0.3264,0.6143
0.0592,0.327,0.6138
0.0594,0.3265,0.6141
0.0591,0.3267,0.6142
0.059,0.3269,0.6141
0.0594,0.3265,0.6141
0.0593,0.3261,0.6146
0.0592,0.3264,0.6144
0.0594,0.3263,0.6143
0.0595,0.3262,0.6143
0.0592,0.326,0.6148
0.059,0.3266,0.6144
0.0593,0.3262,0.6145
0.059,0.3267,0.6143
0.0596,0.3263,0.6141
0.0593,0.3258,0.6149
0.0597,0.326,0.6143
0.0591,0.326,0.6149
0.0591,0.3256,0.6153
0.0593,0.3254,0.6153
0.0594,0.3256,0.615
0.0594,0.3258,0.6148
0.0592,0.326,0.6148
0.0592,0.3258,0.615
0.0591,0.3259,0.615
0.0589,0.3261,0.615
0.0589,0.3254,0.6157
0.0593,0.326,0.6147
0.059,0.3257,0.6153
0.0591,0.3254,0.6155
0.059,0.3256,0.6154
0.0592,0.3259,0.6149
0.059,0.3261,0.6149
0.0592,0.3256,0.6152
0.0588,0.3256,0.6156
0.0585,0.326,0.6155
0.0589,0.3253,0.6158
0.0587,0.3257,0.6156
0.0589,0.3252,0.6159
0.0591,0.3255,0.6154
0.0592,0.3256,0.6152
0.0589,0.3256,0.6155
0.0589,0.3253,0.6158
0.0589,0.3254,0.6157
0.0587,0.3255,0.6158
0.0587,0.3253,0.616
0.0592,0.3255,0.6153
0.0592,0.3252,0.6156
0.0586,0.3253,0.6161
0.0589,0.3253,0.6158
0.0587,0.3252,0.6161
0.0586,0.3252,0.6162
0.0588,0.3253,0.6159
0.0588,0.3256,0.6156
0.0585,0.3258,0.6157
0.0584,0.3259,0.6157
0.0586,0.3255,0.6159
0.0586,0.3254,0.616
0.0586,0.3251,0.6163
0.0586,0.3253,0.6161
0.0583,0.3252,0.6165
0.0583,0.3253,0.6164
0.0583,0.3257,0.616
0.0582,0.3258,0.616
0.0581,0.3252,0.6167
0.0583,0.3254,0.6163
0.0583,0.3253,0.6164
0.0584,0.3254,0.6162
0.0582,0.3251,0.6167
0.0585,0.3256,0.6159
0.0587,0.3253,0.616
0.0585,0.3253,0.6162
0.0584,0.3253,0.6163
0.0583,0.3262,0.6155
0.0584,0.3253,0.6163
0.0585,0.3249,0.6166
0.0583,0.3254,0.6163
0.0583,0.3253,0.6164
0.0585,0.3251,0.6164
0.0584,0.3254,0.6162
0.058,0.3254,0.6166
0.0582,0.325,0.6168
0.0582,0.3249,0.6169
0.0584,0.3251,0.6165
0.0579,0.3255,0.6166
0.0585,0.3249,0.6166
0.0578,0.3255,0.6167
0.0579,0.3251,0.617
0.0582,0.3248,0.617
0.0582,0.3251,0.6167
0.0582,0.3249,0.6169
0.0579,0.325,0.6171
0.0581,0.3247,0.6172
0.0579,0.3253,0.6168
0.0578,0.325,0.6172
0.0578,0.3251,0.6171
0.0577,0.3255,0.6168
0.0578,0.3254,0.6168
0.0577,0.3249,0.6174
0.0579,0.3252,0.6169
0.0578,0.3253,0.6169
0.0578,0.3251,0.6171
0.058,0.325,0.617
0.0579,0.3251,0.617
0.0577,0.3251,0.6172
0.0577,0.3249,0.6174
0.0576,0.325,0.6174
0.0581,0.3249,0.617
0.0577,0.3251,0.6172
0.0575,0.3258,0.6167
0.0576,0.3256,0.6168
0.0575,0.3249,0.6176
0.0577,0.3251,0.6172
0.0582,0.3248,0.617
0.0576,0.3254,0.617
0.0578,0.3249,0.6173
0.0583,0.3245,0.6172
0.0575,0.3249,0.6176
0.0578,0.3249,0.6173
0.0577,0.3249,0.6174
0.0575,0.3247,0.6178
0.0575,0.325,0.6175
0.0577,0.3249,0.6174
0.0576,0.3249,0.6175
0.0577,0.3246,0.6177
0.0575,0.3245,0.618
0.0574,0.325,0.6176
0.0577,0.3247,0.6176
0.0575,0.3249,0.6176
0.0574,0.3247,0.6179
0.0571,0.3249,0.618
0.0575,0.3247,0.6178
0.0574,0.3248,0.6178
0.0571,0.3249,0.618
0.0571,0.3249,0.618
0.057,0.3246,0.6184
0.0571,0.3248,0.6181
0.0574,0.3248,0.6178
0.0575,0.3247,0.6178
0.0574,0.3247,0.6179
0.057,0.3248,0.6182
0.0571,0.3245,0.6184
0.0572,0.3244,0.6184
0.0577,0.3244,0.6179
0.0572,0.3246,0.6182
0.0571,0.3247,0.6182
0.0573,0.3245,0.6182
0.0568,0.3248,0.6184
0.0574,0.3247,0.6179
0.0573,0.3245,0.6182
0.0571,0.3246,0.6183
0.0574,0.3243,0.6183
0.0571,0.3243,0.6186
0.0571,0.324,0.6189
0.0569,0.3245,0.6186
0.0574,0.3239,0.6187
0.0574,0.3244,0.6182
0.0572,0.324,0.6188
0.0569,0.3242,0.6189
0.0569,0.3242,0.6189
0.057,0.3241,0.6189
0.0569,0.3242,0.6189
0.0571,0.324,0.6189
0.0571,0.324,0.6189
0.0571,0.3237,0.6192
0.057,0.3241,0.6189
0.0571,0.3242,0.6187
0.0571,0.3238,0.6191
0.0573,0.3237,0.619
0.057,0.3247,0.6183
0.0569,0.3244,0.6187
0.057,0.3243,0.6187
0.0569,0.3239,0.6192
0.0569,0.324,0.6191
0.0568,0.3238,0.6194
0.0569,0.3241,0.619
0.0565,0.3242,0.6193
0.0569,0.3241,0.619
0.0568,0.3238,0.6194
0.0568,0.3237,0.6195
0.0565,0.3239,0.6196
0.057,0.3242,0.6188
0.0572,0.3236,0.6192
0.0564,0.3238,0.6198
0.057,0.324,0.619
0.0566,0.3239,0.6195
0.0564,0.3237,0.6199
0.0566,0.324,0.6194
0.0571,0.3235,0.6194
0.0571,0.3234,0.6195
0.0565,0.3236,0.6199
0.0565,0.3232,0.6203
0.0566,0.3236,0.6198
0.0567,0.3237,0.6196
0.0564,0.3236,0.62
0.0567,0.3237,0.6196
0.0565,0.3235,0.62
0.0567,0.3234,0.6199
0.0562,0.3231,0.6207
0.0565,0.3233,0.6202
0.0564,0.323,0.6206
0.0561,0.3232,0.6207
0.0563,0.3232,0.6205
0.0562,0.3234,0.6204
0.0561,0.3232,0.6207
0.0561,0.3232,0.6207
0.0565,0.3232,0.6203
0.0561,0.3236,0.6203
0.0563,0.3228,0.6209
0.056,0.3233,0.6207
0.0561,0.3227,0.6212
0.0561,0.3229,0.621
0.056,0.3227,0.6213
0.056,0.323,0.621
0.0562,0.3231,0.6207
0.0559,0.3228,0.6213
0.056,0.3231,0.6209
0.0566,0.3229,0.6205
0.0563,0.3231,0.6206
0.056,0.3234,0.6206
0.056,0.323,0.621
0.0561,0.3229,0.621
0.056,0.3229,0.6211
0.0557,0.323,0.6213
0.0559,0.3233,0.6208
0.056,0.3232,0.6208
0.0561,0.3235,0.6204
0.056,0.3231,0.6209
0.0557,0.3231,0.6212
0.0562,0.3229,0.6209
0.056,0.3228,0.6212
0.056,0.3226,0.6214
0.0559,0.3228,0.6213
0.0559,0.323,0.6211
0.0558,0.3227,0.6215
0.0561,0.3222,0.6217
0.0562,0.3223,0.6215
0.056,0.3227,0.6213
0.056,0.3226,0.6214
0.0557,0.3228,0.6215
0.0561,0.3224,0.6215
0.0558,0.3224,0.6218
0.056,0.3227,0.6213
0.0559,0.3223,0.6218
0.0561,0.3225,0.6214
0.0561,0.3225,0.6214
0.0559,0.3228,0.6213
0.0563,0.322,0.6217
0.0558,0.3225,0.6217
0.0557,0.3226,0.6217
0.0558,0.3224,0.6218
0.0558,0.3222,0.622
0.0559,0.3224,0.6217
0.0558,0.3225,0.6217
0.0558,0.3221,0.6221
0.0557,0.3224,0.6219
0.0559,0.322,0.6221
0.056,0.3224,0.6216
0.0557,0.3226,0.6217
0.0558,0.3219,0.6223
0.0557,0.3227,0.6216
0.0559,0.3224,0.6217
0.0556,0.3226,0.6218
0.0556,0.3223,0.6221
0.0557,0.3224,0.6219
0.0561,0.3221,0.6218
0.0559,0.3222,0.6219
0.0558,0.3221,0.6221
0.0556,0.3224,0.622
0.0558,0.3226,0.6216
0.0557,0.3222,0.6221
0.0557,0.3222,0.6221
0.0562,0.3221,0.6217
0.0557,0.3225,0.6218
0.0561,0.3218,0.6221
0.0557,0.3222,0.6221
0.0559,0.3222,0.6219
0.0559,0.3223,0.6218
0.0564,0.3223,0.6213
0.0556,0.3226,0.6218
0.0558,0.3222,0.622
0.0561,0.3214,0.6225
0.0562,0.3217,0.6221
0.0557,0.3219,0.6224
0.0557,0.3222,0.6221
0.0554,0.3221,0.6225
0.0559,0.3218,0.6223
0.0553,0.322,0.6227
0.0557,0.3218,0.6225
0.0555,0.3219,0.6226
0.0558,0.3219,0.6223
0.0554,0.3223,0.6223
0.0555,0.322,0.6225
0.0557,0.3216,0.6227
0.0555,0.3221,0.6224
0.0555,0.3217,0.6228
0.0559,0.3213,0.6228
0.0552,0.3219,0.6229
0.0556,0.322,0.6224
0.0553,0.3218,0.6229
0.0559,0.3211,0.623
0.0557,0.3218,0.6225
0.0558,0.3216,0.6226
0.0553,0.3217,0.623
0.0556,0.3217,0.6227
0.0555,0.3218,0.6227
0.0553,0.3217,0.623
0.0556,0.3211,0.6233
0.0555,0.3215,0.623
0.0555,0.3217,0.6228
0.0552,0.322,0.6228
0.0556,0.3214,0.623
0.0551,0.3216,0.6233
0.0555,0.3216,0.6229
0.0556,0.3217,0.6227
0.0551,0.3214,0.6235
0.0551,0.3217,0.6232
0.0553,0.3219,0.6228
0.0552,0.3215,0.6233
0.0554,0.3218,0.6228
0.0556,0.3218,0.6226
0.0553,0.3213,0.6234
0.0554,0.3217,0.6229
0.0552,0.3215,0.6233
0.055,0.3216,0.6234
0.0553,0.3215,0.6232
0.0553,0.3213,0.6234
0.0558,0.3212,0.623
0.0553,0.3212,0.6235
0.0549,0.3215,0.6236
0.0549,0.3213,0.6238
0.0553,0.3215,0.6232
0.0552,0.3212,0.6236
0.0549,0.3214,0.6237
0.0548,0.3214,0.6238
0.055,0.3214,0.6236
0.0546,0.3219,0.6235
0.055,0.3213,0.6237
0.055,0.3212,0.6238
0.0547,0.3216,0.6237
0.0548,0.3212,0.624
0.055,0.3214,0.6236
0.0549,0.3214,0.6237
0.0549,0.3211,0.624
0.0549,0.3213,0.6238
0.0546,0.3213,0.6241
0.0546,0.3211,0.6243
0.0546,0.3215,0.6239
0.0546,0.3212,0.6242
0.0548,0.3213,0.6239
0.0547,0.3212,0.6241
0.0546,0.3211,0.6243
0.0543,0.3213,0.6244
0.0545,0.3212,0.6243
0.0547,0.3207,0.6246
0.0547,0.3213,0.624
0.0544,0.3209,0.6247
0.0546,0.3207,0.6247
0.0543,0.3208,0.6249
0.0543,0.3214,0.6243
0.0543,0.3212,0.6245
0.0541,0.3215,0.6244
0.054,0.3214,0.6246
0.0546,0.321,0.6244
0.0542,0.3213,0.6245
0.0546,0.3211,0.6243
0.0544,0.3211,0.6245
0.0542,0.321,0.6248
0.0545,0.3211,0.6244
0.0541,0.321,0.6249
0.0542,0.321,0.6248
0.054,0.3211,0.6249
0.0543,0.321,0.6247
0.0542,0.321,0.6248
0.0545,0.3208,0.6247
0.0541,0.3212,0.6247
0.0544,0.3209,0.6247
0.0545,0.3207,0.6248
0.0545,0.3207,0.6248
0.0542,0.3209,0.6249
0.0541,0.321,0.6249
0.0542,0.3208,0.625
0.0544,0.321,0.6246
0.0541,0.3208,0.6251
0.0542,0.3208,0.625
0.0544,0.3207,0.6249
0.0541,0.3209,0.625
0.0541,0.3206,0.6253
0.0542,0.321,0.6248
